"0","RAW_batch_romics<-imputeMissing(RAW_batch_romics,nb_stdev = 2,width_stdev = 0.5)"
